id;anzahl
1;37454
2;79654
3;95071
4;18343
5;73199
6;77969
7;59865
8;59685
9;15601
10;44583
